7.25064045e-02 -1.51549244e+01
1.89359251e-01 1.36415143e+01
4.74206681e-01 6.46147245e+01
9.45388910e-01 4.41177339e+01
-6.34171469e-01 -9.43579969e+01
2.58523130e-01 -4.41293780e+00
-1.51631406e+00 -1.08337541e+02
-1.41994730e+00 -1.55808129e+02
-3.05676306e+00 -2.27935005e+02
6.18330059e-01 3.69761830e+01
4.88782522e-01 2.98856328e+01
9.81086148e-01 9.99339771e+01
-2.13636554e-01 -3.09859343e+01
-1.29988627e+00 -1.16621921e+02
7.61519212e-01 3.15092664e+01
-2.43149553e-01 -4.51469200e+01
7.88832453e-01 7.98825492e+01
9.21734290e-01 6.47137279e+01
9.83026316e-01 7.82162894e+01
6.37293953e-01 6.71168577e+01
8.14363760e-01 6.77752324e+01
1.09520040e+00 8.73902568e+01
-6.52428750e-02 -5.18659961e+00
7.63760590e-01 5.05236476e+01
2.30373797e-01 1.64106818e+01
2.59648453e+00 1.56385628e+02
-6.18478097e-01 -3.35734075e+01
-1.81319956e-01 9.30374013e-01
-5.85390731e-01 -7.54539276e+00
1.06512211e+00 6.43608276e+01
1.29991514e+00 4.52908252e+01
8.02054941e-01 9.05426094e+01
-5.03559214e-01 -6.81816257e+01
-7.39000625e-01 -8.17532468e+01
9.10697577e-01 9.53731493e+01
2.88359357e-01 4.75185022e+01
-7.82299644e-01 -3.62126572e+01
-4.38212907e-01 6.89496869e+00
-1.95871052e+00 -1.25326727e+02
5.62476347e-01 4.45389500e+01
3.47435625e-01 4.27499195e+01
-1.30931229e+00 -9.47081677e+01
7.52546002e-01 1.03955392e+02
-3.64372937e-01 -3.42388577e+01
6.20812758e-01 3.54092923e+01
3.33448929e-01 3.38782663e+01
7.45452318e-01 4.45468211e+01
3.21669325e-01 6.78931941e+01
-5.03562605e-01 -4.92956094e+01
-1.47366313e-01 2.94267688e+00
-7.22469623e-01 -4.71427092e+01
2.41133257e-01 -1.15356129e+01
-3.19854085e-01 -2.44327615e+01
-1.99250865e+00 -8.93242908e+01
-1.23209288e+00 -5.61956202e+01
-6.59366574e-01 -5.26562015e+01
-7.71848689e-01 -6.39606945e+01
-8.83952556e-01 -5.34693883e+01
3.90926995e-01 1.44909712e+01
2.62500085e-01 4.41969650e+01
1.29816727e+00 8.98331673e+01
-1.23113920e-01 -4.70733030e+01
2.96246392e-01 3.26812666e+01
-3.81561464e-01 -3.36570695e+01
-3.84265503e-01 -1.64631716e+01
-1.38346154e+00 -1.11168197e+02
-7.95158133e-01 -7.96577241e+01
1.04579886e+00 8.66785250e+01
-1.20557771e+00 -8.54279009e+01
2.39100768e-01 1.64941798e+01
8.60911439e-01 8.73995782e+01
-1.05965226e+00 -6.02647121e+01
1.50935550e-01 -1.54201169e+01
-1.58183351e-01 -6.89813929e+00
2.49345413e-01 -1.05642177e+01
1.39540930e+00 1.25799912e+02
1.41846800e-01 4.37773008e+01
-1.94049295e+00 -1.67122528e+02
-2.59216206e-01 4.72731375e+01
-3.37520770e-01 -3.70047839e+01
1.85079815e+00 1.34244778e+02
-2.63256410e+00 -1.87390518e+02
1.26589508e-02 -3.62511872e+00
-4.67577241e-01 -3.17105894e+00
1.95679596e+00 1.21907775e+02
1.04592690e+00 9.53349661e+01
-5.05532099e-01 -8.11302101e+00
-1.99260689e+00 -1.53256020e+02
4.75129961e-01 4.45542239e+01
-9.87234247e-01 -9.82246127e+01
2.78277116e-01 -9.23664449e+00
1.75640274e+00 1.12327962e+02
-7.88440183e-01 -5.82547825e+01
1.95681802e-01 2.83016288e+01
-1.77930329e-01 -1.58451908e+01
-9.77804708e-01 -4.95242446e+01
-8.60684461e-01 -3.72743678e+01
-2.82983853e-01 2.81037435e+01
8.28236942e-01 8.89500208e+01
-5.13718843e-01 7.36730752e+00
